SAT-100
1 00100U 20001A   23283.50000000  .00000000  00000-0  00000-0 0  9999
2 00100 135.2415 241.5702 0218479 217.2641 298.4758 12.7351813900000
SAT-101
1 00101U 20001A   23283.50000000  .00000000  00000-0  00000-0 0  9999
2 00101 107.5101 324.9825 0422216 162.0287 151.4706 13.7515808700000
SAT-102
1 00102U 20001A   23283.50000000  .00000000  00000-0  00000-0 0  9999
2 00102 150.5153 253.6706 0375745  96.6109  53.6177 14.6974049200000
SAT-103
1 00103U 20001A   23283.50000000  .00000000  00000-0  00000-0 0  9999
2 00103  36.4736  34.6854 0450542  64.9494  17.3634 14.4207314800000
SAT-104
1 00104U 20001A   23283.50000000  .00000000  00000-0  00000-0 0  9999
2 00104  11.6172 252.5864 0225366 166.8141  93.9326 12.7396050800000
SAT-105
1 00105U 20001A   23283.50000000  .00000000  00000-0  00000-0 0  9999
2 00105  96.0237 298.6822 0499935 231.5121 206.0001 14.9711485900000
SAT-106
1 00106U 20001A   23283.50000000  .00000000  00000-0  00000-0 0  9999
2 00106 120.7667 109.8426 0229903 327.4831  47.0426 12.9987355300000
SAT-107
1 00107U 20001A   23283.50000000  .00000000  00000-0  00000-0 0  9999
2 00107  68.0961 177.4665 0011528 197.0174 207.3388 12.9011138000000
SAT-108
1 00108U 20001A   23283.50000000  .00000000  00000-0  00000-0 0  9999
2 00108   2.2206 174.6529 0455579 110.1306  47.1905 15.7811071100000
SAT-109
1 00109U 20001A   23283.50000000  .00000000  00000-0  00000-0 0  9999
2 00109  64.2286 273.7643 0084326 236.0437 336.5320 15.6329599300000
SAT-110
1 00110U 20001A   23283.50000000  .00000000  00000-0  00000-0 0  9999
2 00110  26.0482 317.9881 0198545 264.1477 338.2450 13.6836992100000
SAT-111
1 00111U 20001A   23283.50000000  .00000000  00000-0  00000-0 0  9999
2 00111 142.5730 278.1850 0380944 144.1323 302.4494 15.0907672100000
SAT-112
1 00112U 20001A   23283.50000000  .00000000  00000-0  00000-0 0  9999
2 00112  13.0166 225.6523 0287264 175.9186 119.3642 13.5334433400000
SAT-113
1 00113U 20001A   23283.50000000  .00000000  00000-0  00000-0 0  9999
2 00113  92.9313 184.4165 0172566 100.7980 132.9149 15.3789226900000
SAT-114
1 00114U 20001A   23283.50000000  .00000000  00000-0  00000-0 0  9999
2 00114   2.2824   3.3880 0432774 301.3241 327.6402 15.1981815900000
SAT-115
1 00115U 20001A   23283.50000000  .00000000  00000-0  00000-0 0  9999
2 00115 172.6887 209.7181 0123464 320.0452  27.0500 14.4047488800000
SAT-116
1 00116U 20001A   23283.50000000  .00000000  00000-0  00000-0 0  9999
2 00116 160.0667 315.6845 0343975 324.2053   2.4295 13.7423355400000
SAT-117
1 00117U 20001A   23283.50000000  .00000000  00000-0  00000-0 0  9999
2 00117 168.1275 235.0598 0234048 205.4477 197.0641 14.8052586600000
SAT-118
1 00118U 20001A   23283.50000000  .00000000  00000-0  00000-0 0  9999
2 00118  26.7349 310.6129 0024117  29.1955 192.6726 14.8814119900000
SAT-119
1 00119U 20001A   23283.50000000  .00000000  00000-0  00000-0 0  9999
2 00119  84.4950 213.1627 0013071 222.1032 129.8539 13.9713650800000
SAT-120
1 00120U 20001A   23283.50000000  .00000000  00000-0  00000-0 0  9999
2 00120 133.6586 181.7756 0202001 123.9440 127.0366 13.5549717100000
SAT-121
1 00121U 20001A   23283.50000000  .00000000  00000-0  00000-0 0  9999
2 00121 169.2940 205.5446 0135262 117.8427  16.1352 14.9047033200000
SAT-122
1 00122U 20001A   23283.50000000  .00000000  00000-0  00000-0 0  9999
2 00122 138.4093  80.6329 0409578  14.1809  99.0420 12.3394381200000
SAT-123
1 00123U 20001A   23283.50000000  .00000000  00000-0  00000-0 0  9999
2 00123  46.1509 171.7671 0425325 208.9561 306.0343 13.0625420200000
SAT-124
1 00124U 20001A   23283.50000000  .00000000  00000-0  00000-0 0  9999
2 00124  92.2550  79.4912 0408213  97.6578 175.9286 14.2688914200000
SAT-125
1 00125U 20001A   23283.50000000  .00000000  00000-0  00000-0 0  9999
2 00125 163.3718 163.8417 0229336 274.2346 142.1195 15.7722966700000
SAT-126
1 00126U 20001A   23283.50000000  .00000000  00000-0  00000-0 0  9999
2 00126   0.9584 320.7889 0379107 159.1898 133.6942 13.4203536300000
SAT-127
1 00127U 20001A   23283.50000000  .00000000  00000-0  00000-0 0  9999
2 00127  27.5359 347.9054 0438324 233.8954  10.4944 15.1757292100000
SAT-128
1 00128U 20001A   23283.50000000  .00000000  00000-0  00000-0 0  9999
2 00128  51.2259 271.7017 0048253 196.3998 170.7464 13.4631800000000
SAT-129
1 00129U 20001A   23283.50000000  .00000000  00000-0  00000-0 0  9999
2 00129  11.2381  99.7969 0099549 293.4143   9.6693 13.2842244100000
SAT-130
1 00130U 20001A   23283.50000000  .00000000  00000-0  00000-0 0  9999
2 00130  58.4215  94.7740 0076009 153.2897 293.2472 14.0860981000000
SAT-131
1 00131U 20001A   23283.50000000  .00000000  00000-0  00000-0 0  9999
2 00131  19.5336 111.8155 0498583  36.1196  98.8014 15.2279879000000
SAT-132
1 00132U 20001A   23283.50000000  .00000000  00000-0  00000-0 0  9999
2 00132  40.5591 109.0542 0452807  95.7022  20.7903 13.5945912700000
SAT-133
1 00133U 20001A   23283.50000000  .00000000  00000-0  00000-0 0  9999
2 00133  35.8588 321.2892 0235831  40.6516 205.6489 14.6118008900000
SAT-134
1 00134U 20001A   23283.50000000  .00000000  00000-0  00000-0 0  9999
2 00134 175.8704  90.3573 0071590  61.6602 101.6650 15.7061745000000
SAT-135
1 00135U 20001A   23283.50000000  .00000000  00000-0  00000-0 0  9999
2 00135  33.0615  97.9482 0401032  83.4459 230.7395 13.3354982400000
SAT-136
1 00136U 20001A   23283.50000000  .00000000  00000-0  00000-0 0  9999
2 00136 160.8283  39.9207 0041684 243.5825 248.6063 14.4002181600000
SAT-137
1 00137U 20001A   23283.50000000  .00000000  00000-0  00000-0 0  9999
2 00137 106.9473 355.3645 0188667 146.1053  58.1499 14.6587901700000
SAT-138
1 00138U 20001A   23283.50000000  .00000000  00000-0  00000-0 0  9999
2 00138 159.2789 198.0343 0312946  26.0601 178.3415 14.8047009800000
SAT-139
1 00139U 20001A   23283.50000000  .00000000  00000-0  00000-0 0  9999
2 00139 144.9172  13.2474 0225700  81.8501 295.3599 13.5630563000000
SAT-140
1 00140U 20001A   23283.50000000  .00000000  00000-0  00000-0 0  9999
2 00140  18.0158 298.4926 0478208  20.6035  28.2413 12.4932602000000
SAT-141
1 00141U 20001A   23283.50000000  .00000000  00000-0  00000-0 0  9999
2 00141  13.0364 145.4281 0213773 189.6204 155.5149 12.2431985600000
SAT-142
1 00142U 20001A   23283.50000000  .00000000  00000-0  00000-0 0  9999
2 00142 164.1280 215.1443 0055417 138.0577  19.5860 15.7808812000000
SAT-143
1 00143U 20001A   23283.50000000  .00000000  00000-0  00000-0 0  9999
2 00143 142.5725  82.6510 0192159 298.4037  44.4079 13.3126509300000
SAT-144
1 00144U 20001A   23283.50000000  .00000000  00000-0  00000-0 0  9999
2 00144 171.0233 176.1906 0388382 206.9675 149.7558 15.0980003100000
SAT-145
1 00145U 20001A   23283.50000000  .00000000  00000-0  00000-0 0  9999
2 00145  34.7834  59.3014 0211952  66.4675 136.1341 13.5950770800000
SAT-146
1 00146U 20001A   23283.50000000  .00000000  00000-0  00000-0 0  9999
2 00146  53.9393  98.5472 0495482   5.0715  61.6746 13.1375722200000
SAT-147
1 00147U 20001A   23283.50000000  .00000000  00000-0  00000-0 0  9999
2 00147 130.4942 298.5822 0487088 220.0777 226.1527 13.3785474500000
SAT-148
1 00148U 20001A   23283.50000000  .00000000  00000-0  00000-0 0  9999
2 00148  62.7358 211.1955 0316239 355.5814  28.8249 13.9260117300000
SAT-149
1 00149U 20001A   23283.50000000  .00000000  00000-0  00000-0 0  9999
2 00149 141.0901 343.8666 0208407  95.7376 263.3180 15.7220292900000
SAT-150
1 00150U 20001A   23283.50000000  .00000000  00000-0  00000-0 0  9999
2 00150  78.1365 103.7529 0273258 123.8386 258.9409 12.6542812500000
SAT-151
1 00151U 20001A   23283.50000000  .00000000  00000-0  00000-0 0  9999
2 00151 101.9923 146.7463 0032118 278.3828  96.4485 13.7279949200000
SAT-152
1 00152U 20001A   23283.50000000  .00000000  00000-0  00000-0 0  9999
2 00152  99.7031 110.4152 0182687 352.6668   2.4257 13.5815934100000
SAT-153
1 00153U 20001A   23283.50000000  .00000000  00000-0  00000-0 0  9999
2 00153 164.5017 343.5635 0480731  35.8416 199.1696 12.0516244000000
SAT-154
1 00154U 20001A   23283.50000000  .00000000  00000-0  00000-0 0  9999
2 00154  62.7186 206.1080 0032063 239.5660  27.9834 12.0705344500000
SAT-155
1 00155U 20001A   23283.50000000  .00000000  00000-0  00000-0 0  9999
2 00155  71.0813  97.7228 0433026 279.7509  87.1032 14.5783182100000
SAT-156
1 00156U 20001A   23283.50000000  .00000000  00000-0  00000-0 0  9999
2 00156  72.0261 200.0928 0195915 225.1815 221.5913 15.5727776700000
SAT-157
1 00157U 20001A   23283.50000000  .00000000  00000-0  00000-0 0  9999
2 00157  96.8167 241.3065 0356244 182.7592 325.9510 14.5111959600000
SAT-158
1 00158U 20001A   23283.50000000  .00000000  00000-0  00000-0 0  9999
2 00158  43.9554 355.2302 0252041 235.8928 342.4767 13.6992889400000
SAT-159
1 00159U 20001A   23283.50000000  .00000000  00000-0  00000-0 0  9999
2 00159  45.4205 240.5269 0132432   3.5642 353.0470 14.1305654400000
SAT-160
1 00160U 20001A   23283.50000000  .00000000  00000-0  00000-0 0  9999
2 00160 139.5513 284.9927 0059101 324.4804 135.5165 12.5914074000000
SAT-161
1 00161U 20001A   23283.50000000  .00000000  00000-0  00000-0 0  9999
2 00161 178.1202 306.5154 0443586 272.6956  97.4873 13.8276915100000
SAT-162
1 00162U 20001A   23283.50000000  .00000000  00000-0  00000-0 0  9999
2 00162  21.5397 122.9200 0021543 277.5297 269.1592 15.7382751300000
SAT-163
1 00163U 20001A   23283.50000000  .00000000  00000-0  00000-0 0  9999
2 00163 107.4081 227.7682 0168354 357.1207 258.1164 12.8799921500000
SAT-164
1 00164U 20001A   23283.50000000  .00000000  00000-0  00000-0 0  9999
2 00164  78.5061   6.2770 0158824 172.6905  71.9663 12.1482676100000
SAT-165
1 00165U 20001A   23283.50000000  .00000000  00000-0  00000-0 0  9999
2 00165 103.9219 139.9770 0219850 338.8769  37.1779 12.2637093800000
SAT-166
1 00166U 20001A   23283.50000000  .00000000  00000-0  00000-0 0  9999
2 00166 166.0274 259.3226 0140829 200.9953  70.8329 13.9719399500000
SAT-167
1 00167U 20001A   23283.50000000  .00000000  00000-0  00000-0 0  9999
2 00167 152.2815 247.1384 0207197 130.8718 272.2329 13.1124961800000
SAT-168
1 00168U 20001A   23283.50000000  .00000000  00000-0  00000-0 0  9999
2 00168  66.7202 304.1074 0060767 184.3770 259.6771 14.5801155900000
SAT-169
1 00169U 20001A   23283.50000000  .00000000  00000-0  00000-0 0  9999
2 00169  70.3180 110.7206 0092536 297.8465 333.7475 13.9230559700000
SAT-170
1 00170U 20001A   23283.50000000  .00000000  00000-0  00000-0 0  9999
2 00170   2.7489 219.9966 0353822  88.3952  26.3006 12.6718279100000
SAT-171
1 00171U 20001A   23283.50000000  .00000000  00000-0  00000-0 0  9999
2 00171  87.5819 339.3609 0366759 277.7853 172.6685 14.1672700900000
SAT-172
1 00172U 20001A   23283.50000000  .00000000  00000-0  00000-0 0  9999
2 00172   8.0214  39.1575 0197237 327.3725 197.4887 14.7547483500000
SAT-173
1 00173U 20001A   23283.50000000  .00000000  00000-0  00000-0 0  9999
2 00173 103.4074 232.2926 0053461 122.4808 126.2407 14.1567924300000
SAT-174
1 00174U 20001A   23283.50000000  .00000000  00000-0  00000-0 0  9999
2 00174   9.7590 274.0753 0428234 359.6092 302.5640 15.6019644400000
SAT-175
1 00175U 20001A   23283.50000000  .00000000  00000-0  00000-0 0  9999
2 00175  21.9724 277.1099 0033999 293.8251 223.3500 14.3115266800000
SAT-176
1 00176U 20001A   23283.50000000  .00000000  00000-0  00000-0 0  9999
2 00176  81.9076 322.9287 0025566 115.2521 163.3414 13.6439864000000
SAT-177
1 00177U 20001A   23283.50000000  .00000000  00000-0  00000-0 0  9999
2 00177  90.4081 227.9008 0305879   0.3512 190.7216 14.7722293400000
SAT-178
1 00178U 20001A   23283.50000000  .00000000  00000-0  00000-0 0  9999
2 00178 140.2274  17.3331 0472337 290.3346   7.7505 15.6963760300000
SAT-179
1 00179U 20001A   23283.50000000  .00000000  00000-0  00000-0 0  9999
2 00179  57.5040 115.4402 0162609 351.3940 304.9832 12.5743410500000
SAT-180
1 00180U 20001A   23283.50000000  .00000000  00000-0  00000-0 0  9999
2 00180  91.6070 253.4228 0268504 234.6848 167.7625 15.5926958000000
SAT-181
1 00181U 20001A   23283.50000000  .00000000  00000-0  00000-0 0  9999
2 00181  28.5009 247.8316 0132654 162.5674 163.6231 13.3284935400000
SAT-182
1 00182U 20001A   23283.50000000  .00000000  00000-0  00000-0 0  9999
2 00182 178.5601 268.5284 0443284 278.1661 315.6817 13.1188322800000
SAT-183
1 00183U 20001A   23283.50000000  .00000000  00000-0  00000-0 0  9999
2 00183  97.8392  34.9893 0470685 156.5337  56.6311 15.5742826000000
SAT-184
1 00184U 20001A   23283.50000000  .00000000  00000-0  00000-0 0  9999
2 00184 103.1320 312.1308 0361744  37.6357 249.5186 12.8853778100000
SAT-185
1 00185U 20001A   23283.50000000  .00000000  00000-0  00000-0 0  9999
2 00185 112.7740 118.7144 0345967 232.3126 149.7591 14.0492592900000
SAT-186
1 00186U 20001A   23283.50000000  .00000000  00000-0  00000-0 0  9999
2 00186  72.7738  41.8324 0407810 171.2641 122.0234 15.8157858700000
SAT-187
1 00187U 20001A   23283.50000000  .00000000  00000-0  00000-0 0  9999
2 00187 150.0351 343.3833 0207430  81.9222 251.9448 14.0793790100000
SAT-188
1 00188U 20001A   23283.50000000  .00000000  00000-0  00000-0 0  9999
2 00188 159.5545  42.8080 0368725 138.5090 128.8946 12.0386083900000
SAT-189
1 00189U 20001A   23283.50000000  .00000000  00000-0  00000-0 0  9999
2 00189 156.0775   1.9893 0177707 216.3434 203.8573 12.0200584800000
SAT-190
1 00190U 20001A   23283.50000000  .00000000  00000-0  00000-0 0  9999
2 00190  80.9581  10.1064 0399812   6.3134 119.4240 15.5257702300000
SAT-191
1 00191U 20001A   23283.50000000  .00000000  00000-0  00000-0 0  9999
2 00191 107.6005  37.6285 0017102  35.8405 194.6540 13.0103845300000
SAT-192
1 00192U 20001A   23283.50000000  .00000000  00000-0  00000-0 0  9999
2 00192 149.4892 330.3084 0370479 218.0176 270.5996 14.5244235400000
SAT-193
1 00193U 20001A   23283.50000000  .00000000  00000-0  00000-0 0  9999
2 00193 151.5643 269.8388 0488149 284.0841 296.1182 12.5708688400000
SAT-194
1 00194U 20001A   23283.50000000  .00000000  00000-0  00000-0 0  9999
2 00194 173.4763  49.1538 0298751 101.6483 114.6103 14.8445333400000
SAT-195
1 00195U 20001A   23283.50000000  .00000000  00000-0  00000-0 0  9999
2 00195 109.3401 268.3777 0025363 252.2664 101.7246 13.4115219700000
SAT-196
1 00196U 20001A   23283.50000000  .00000000  00000-0  00000-0 0  9999
2 00196 101.0830 215.1334 0288989 312.4926 264.4909 13.8838049600000
SAT-197
1 00197U 20001A   23283.50000000  .00000000  00000-0  00000-0 0  9999
2 00197  70.1851 335.0935 0465428 313.4718  15.6777 14.8807579100000
SAT-198
1 00198U 20001A   23283.50000000  .00000000  00000-0  00000-0 0  9999
2 00198  49.6061 348.5535 0497796  10.5723 194.7137 12.7734007500000
SAT-199
1 00199U 20001A   23283.50000000  .00000000  00000-0  00000-0 0  9999
2 00199  90.4758 143.6164 0081082 354.2507 283.9717 12.5870308600000
SAT-200
1 00200U 20001A   23283.50000000  .00000000  00000-0  00000-0 0  9999
2 00200   2.1734 133.3528 0077756 227.7263 248.1798 12.4991807300000
SAT-201
1 00201U 20001A   23283.50000000  .00000000  00000-0  00000-0 0  9999
2 00201  97.0915  30.9689 0298354 207.8728  74.2784 14.6352852100000
SAT-202
1 00202U 20001A   23283.50000000  .00000000  00000-0  00000-0 0  9999
2 00202  83.7812 205.1454 0484704 218.3618  36.5503 15.9157785400000
SAT-203
1 00203U 20001A   23283.50000000  .00000000  00000-0  00000-0 0  9999
2 00203 173.2035 130.7350 0167594 323.3532  42.3257 15.4046361500000
SAT-204
1 00204U 20001A   23283.50000000  .00000000  00000-0  00000-0 0  9999
2 00204 113.5056 296.3321 0040215 253.4663 116.6793 14.4308282400000
SAT-205
1 00205U 20001A   23283.50000000  .00000000  00000-0  00000-0 0  9999
2 00205 157.5714 216.8820 0426764  24.2692 263.0729 15.2345611600000
SAT-206
1 00206U 20001A   23283.50000000  .00000000  00000-0  00000-0 0  9999
2 00206 107.6622 246.1959 0149179  65.1312 284.6688 15.5166636500000
SAT-207
1 00207U 20001A   23283.50000000  .00000000  00000-0  00000-0 0  9999
2 00207   9.8919 189.5787 0071455 260.9599 200.0276 15.3327794900000
SAT-208
1 00208U 20001A   23283.50000000  .00000000  00000-0  00000-0 0  9999
2 00208 129.2809 138.9693 0307877  15.8711 151.1739 13.0229041300000
SAT-209
1 00209U 20001A   23283.50000000  .00000000  00000-0  00000-0 0  9999
2 00209  52.8606  10.1071 0281678   5.9316   3.1153 13.4914999400000
SAT-210
1 00210U 20001A   23283.50000000  .00000000  00000-0  00000-0 0  9999
2 00210  22.1440 273.5454 0005148 195.2563   7.1644 12.2257283900000
SAT-211
1 00211U 20001A   23283.50000000  .00000000  00000-0  00000-0 0  9999
2 00211 172.4220  82.3829 0396013 252.0010 150.2443 12.7411034300000
SAT-212
1 00212U 20001A   23283.50000000  .00000000  00000-0  00000-0 0  9999
2 00212  71.9768 347.7170 0361969 267.9548 175.2721 15.2379896500000
SAT-213
1 00213U 20001A   23283.50000000  .00000000  00000-0  00000-0 0  9999
2 00213 121.0915 267.6136 0327249 192.1714 145.2156 14.3998236500000
SAT-214
1 00214U 20001A   23283.50000000  .00000000  00000-0  00000-0 0  9999
2 00214 134.5730 106.3723 0401102  56.0484 115.4824 15.2576016000000
SAT-215
1 00215U 20001A   23283.50000000  .00000000  00000-0  00000-0 0  9999
2 00215 175.7162  66.9576 0083004 344.4630 310.1795 12.2041195900000
SAT-216
1 00216U 20001A   23283.50000000  .00000000  00000-0  00000-0 0  9999
2 00216 173.8391 151.7474 0205402 352.0239 247.0307 15.1520025300000
SAT-217
1 00217U 20001A   23283.50000000  .00000000  00000-0  00000-0 0  9999
2 00217 133.5406  57.4132 0359278  23.5163  27.6459 13.6421061000000
SAT-218
1 00218U 20001A   23283.50000000  .00000000  00000-0  00000-0 0  9999
2 00218   0.6617 180.9621 0263060 119.8179 245.3736 12.0513782300000
SAT-219
1 00219U 20001A   23283.50000000  .00000000  00000-0  00000-0 0  9999
2 00219 118.7596 334.5468 0090551   2.7956 146.8749 12.3217048600000
SAT-220
1 00220U 20001A   23283.50000000  .00000000  00000-0  00000-0 0  9999
2 00220  73.8522 345.7806 0124581 306.1221  53.8448 14.6950042600000
SAT-221
1 00221U 20001A   23283.50000000  .00000000  00000-0  00000-0 0  9999
2 00221  19.7741 231.5652 0064081 352.4962 192.7185 15.8220098000000
SAT-222
1 00222U 20001A   23283.50000000  .00000000  00000-0  00000-0 0  9999
2 00222  57.7533 330.4553 0052826 219.0035  54.0186 15.2231316500000
SAT-223
1 00223U 20001A   23283.50000000  .00000000  00000-0  00000-0 0  9999
2 00223  51.5782 333.9333 0484694 228.5896  65.4009 12.6066216200000
SAT-224
1 00224U 20001A   23283.50000000  .00000000  00000-0  00000-0 0  9999
2 00224  39.7728 263.6762 0199836 275.6460 129.1773 15.1664652200000
SAT-225
1 00225U 20001A   23283.50000000  .00000000  00000-0  00000-0 0  9999
2 00225  74.7014 117.7791 0169829 187.7751 300.8190 15.7601169400000
SAT-226
1 00226U 20001A   23283.50000000  .00000000  00000-0  00000-0 0  9999
2 00226  27.4028 209.2996 0233570  19.0011  19.1644 14.9821388100000
SAT-227
1 00227U 20001A   23283.50000000  .00000000  00000-0  00000-0 0  9999
2 00227 156.9956  64.8339 0238509  69.6975 154.8021 12.1036326200000
SAT-228
1 00228U 20001A   23283.50000000  .00000000  00000-0  00000-0 0  9999
2 00228 167.9751 164.7662 0002846 105.5059  62.3623 13.9586776800000
SAT-229
1 00229U 20001A   23283.50000000  .00000000  00000-0  00000-0 0  9999
2 00229 101.5484 352.7322 0369761  79.0674 319.7283 13.3120764200000
SAT-230
1 00230U 20001A   23283.50000000  .00000000  00000-0  00000-0 0  9999
2 00230 136.7762 333.3522 0290345  86.4820  66.3429 14.2188226500000
SAT-231
1 00231U 20001A   23283.50000000  .00000000  00000-0  00000-0 0  9999
2 00231 166.7268 274.2240 0426686 230.4395  83.2657 13.3707165800000
SAT-232
1 00232U 20001A   23283.50000000  .00000000  00000-0  00000-0 0  9999
2 00232 125.0325 190.7883 0489532  26.3603 257.9503 13.2054331700000
SAT-233
1 00233U 20001A   23283.50000000  .00000000  00000-0  00000-0 0  9999
2 00233  88.5844   6.5977 0012305 188.4394 256.5137 15.5753034500000
SAT-234
1 00234U 20001A   23283.50000000  .00000000  00000-0  00000-0 0  9999
2 00234 114.2835 343.5366 0355698 217.0200  75.6431 12.9023693500000
SAT-235
1 00235U 20001A   23283.50000000  .00000000  00000-0  00000-0 0  9999
2 00235 145.1429  55.2387 0348079  24.9216 300.9655 14.5265479500000
SAT-236
1 00236U 20001A   23283.50000000  .00000000  00000-0  00000-0 0  9999
2 00236  67.9372 234.3030 0447859 177.0042 161.2138 14.1183675300000
SAT-237
1 00237U 20001A   23283.50000000  .00000000  00000-0  00000-0 0  9999
2 00237  33.5842 318.7465 0143069 116.1615  31.3238 13.5996756000000
SAT-238
1 00238U 20001A   23283.50000000  .00000000  00000-0  00000-0 0  9999
2 00238 154.0572  35.7338 0320103 149.8483 159.0516 13.4729077800000
SAT-239
1 00239U 20001A   23283.50000000  .00000000  00000-0  00000-0 0  9999
2 00239  72.3473 177.9043 0190693 175.6953  20.9598 13.4417207600000
SAT-240
1 00240U 20001A   23283.50000000  .00000000  00000-0  00000-0 0  9999
2 00240  14.2497 342.5409 0387567  49.3811  80.8354 12.4046480600000
SAT-241
1 00241U 20001A   23283.50000000  .00000000  00000-0  00000-0 0  9999
2 00241 129.3626  42.5607 0425274  54.8128 208.3323 14.9202850800000
SAT-242
1 00242U 20001A   23283.50000000  .00000000  00000-0  00000-0 0  9999
2 00242 101.3194 251.3995 0426561 118.5156 171.2165 12.5597460400000
SAT-243
1 00243U 20001A   23283.50000000  .00000000  00000-0  00000-0 0  9999
2 00243 109.3243 154.9954 0378810 292.9218 154.3178 12.8995052400000
SAT-244
1 00244U 20001A   23283.50000000  .00000000  00000-0  00000-0 0  9999
2 00244 100.4436 166.8855 0361273 239.9708 303.7494 14.2357781600000
SAT-245
1 00245U 20001A   23283.50000000  .00000000  00000-0  00000-0 0  9999
2 00245  95.8165 148.5305 0210428 274.7148 225.7154 12.1787493000000
SAT-246
1 00246U 20001A   23283.50000000  .00000000  00000-0  00000-0 0  9999
2 00246  59.8396 324.6483 0494599 120.3643  87.1402 12.9069924000000
SAT-247
1 00247U 20001A   23283.50000000  .00000000  00000-0  00000-0 0  9999
2 00247  62.3219  84.1240 0238083 190.6819 241.1490 13.5388994600000
SAT-248
1 00248U 20001A   23283.50000000  .00000000  00000-0  00000-0 0  9999
2 00248 174.3662 332.9222 0424546 355.4191 204.8242 15.3760218400000
SAT-249
1 00249U 20001A   23283.50000000  .00000000  00000-0  00000-0 0  9999
2 00249  98.8122 240.8174 0084708 305.1582 125.3242 15.0538889500000